1
21
132
133
134
135
136
137
138
139
140
141
142
143
144
145
146
147
148
149
151
152
153
155
156
158
159
161
162
163
164
165
166
167
168
169
171
172
173
174
175
176
178
179
180
182
183
184
186
187
188
189
191
192
193
194
195
196
197
198
199
200
201
202
203
204
205
206
207
208
209
210
211
212
213
214
215
216
217
218
219
220
221
222
223
224
225
226
228
229
231
232
234
235
236
237
238
239
240
243
244
248
252
253
254
258
262
263
264
265
266
267
268
269
270
271
272
273
274
275
277
279
281
282
283
284
285
286
287
288
289
290
291
292
293
294
295
296
297
299
300
303
304
306
307
308
312
314
315
319
320
322
323
324
330
331
333
334
336
337
343
345
349
350
353
355
360
365
367
368
373
374
375
379
388
391
392
393
402
410
411
412
413
415
416
418
419
428
433
435
438
442
447
448
449
450
452
453
454
457
458
459
460
461
462
463
464
466
467
470
471
475
476
477
479
481
485
489
505
510
511
518
519
522
525
526
550
553
559
562
618
620
621
622
624
625
627
629
631
635
636
646
651
656
680
683
692
693
694
695
698
701
703
705
706
707
710
712
713
715
717
732
733
734
736
737
745
748
750
751
753
756
757
758
760
761
762
763
764
765
766
767
768
769
770
771
772
773
774
775
776
777
778
779
781
782
784
785
786
788
789
790
791
792
793
794
795
796
797
798
801
805
827
857
859
860
861
864
870
872
876
879
884
885
886
888
900
902
903
904
905
907
917
918
926
927
928
929
938
939
946
948
950
952
953
954
955
961
962
963
964
965
966
967
968
969
975
976
978
979
980
981
982
983
984
989
1051
1068
1079
1087

2
3
4
5
6
7
8
9
10
11
13
14
15
16
17
18
19
22
23
24
25
27
28
29
31
34
35
36
37
38
39
40
41
42
43
44
45
46
47
48
49
50
51
52
53
54
55
56
57
58
59
60
61
62
63
64
65
66
67
68
69
70
71
72
73
74
75
76
77
78
79
80
81
82
83
84
85
86
88
89
90
91
92
94
95
96
97
98
99
100
102
104
105
107
108
109
110
111
113
115
117
118
119
120
121
122
123
125
126
127
129
130
131
154
157
160
190
227
233
245
250
257
278
417
424
474
484
491
493
509
513
632
648
650
665
673
690
700
729
730
806
809
811

12
20
26
30
114
116
128
170
185
302
313
317
318
326
339
342
347
358
370
377
378
382
384
385
387
389
390
397
400
401
403
406
420
423
426
427
430
432
445
465
468
469
478
483
490
492
495
512
544
593
623
626
649
687
746
747
749

32
33
87
93
101
103
106
112
310
316
321
325
327
328
329
332
335
341
346
352
356
359
363
364
366
369
371
372
376
380
381
383
386
394
395
396
398
399
404
405
408
422
425
429
434
441
520
523
528
543
591
808

124
150
230
421
431
436
451
531
532
566
681
684
689
720
721
723
724
725
727
728
815
837
851
909
919
920
921
922
923
924
925
940
941
947
949
951
973
985
987
990
991
993
995
998
1001
1004
1009
1018
1021
1023
1026
1028
1057
1062
1065
1066
1071
1074
1075
1077
1081

177
181

241
242
246
247
249
251
255
256
259
260
261
276
280
298
301
340
344
348
351
354
362
407
409
414
437
439
440
443
455
456
473
480
482
487
488
494
496
497
498
499
500
501
502
503
504
506
507
508
516
517
521
653
658
716
726
754
755
810
817
930

305
309
338
357
444
446
514
534
535
551
552
597
598
602
639
642
643
652
654
655
657
659
661
662
663
664
666
667
668
669
670
671
672
674
675
676
677
678
679
682
685
686
696
697
699
702
704
708
709
711
714
735
742
744
787
901

311
361

472
486
515
524
527
529
530
533
537
538
539
540
541
542
545
546
547
548
549
554
555
556
557
558
560
561
563
564
565
567
568
569
570
571
573
576
578
580
581
586
588
594
595
596
610
628
633
644
660
718
719
722
739
743
783
839
840
877
880
894
910
915
931
1046
1054
1055
1058
1069
1078
1080
1083

536
572
574
575
577
579
582
583
584
585
587
589
590
592
599
600
601
603
604
605
606
607
608
609
611
612
613
614
615
616
617
619
630
634
637
638
640
641
645
688
738
740
855
856
1035
1037
1038
1076

647
691
752
799
800
802
803
807
812
813
816
820
832
838
841
842
843
846
847
850
862
866
878
881
883
887
889
891
893
895
896
897
898
899
906
908
911
912
914
916
932
933
934
935
937
942
943
944
945
956
957
958
970
971
972
974
977
986
992
994
1002
1010
1011
1014
1019
1020
1022
1025
1027
1030
1033
1045
1061
1073

731
780

741
854

759
804

814
818
819
821
822
823
824
825
826
828
829
830
831
833
834
835
836
844
845
848
849
858
863
867
868
869
871
873
874
875
882
890
892
913
936
960
988
996
997
999
1000
1006
1007
1008
1012
1013
1015
1017
1024
1029
1031
1032
1034
1036
1039
1040
1041
1042
1043
1044
1047
1048
1049
1050
1052
1053
1056
1059
1060
1063
1064
1067
1070
1072
1082
1084
1085
1086
1088
1089
1090
1091
1092
1094
1095

852
865

853
959

1003
1005

1016
1093

